0.0780099
0.0344721
0.13761
0.091351
0.185149
0.0912977
0.0627651
0.0367693
0.0825598
3.70596
0.170989
0.48075
0.0453704
0.0399488
0.0419466
1.64869
0.0269045
0.101981
0.13139
0.0161327
0.143629
0.0515012
0.0609811
0.5527
0.0675681
0.0994208
0.106909
0.159318
0.0458416
0.231978
0.494668
0.0521087
0.219317
0.0574114
0.119192
0.101225
0.146649
0.017386
0.0320163
0.0337283
0.121444
0.113583
0.353207
0
0.0988375
0.116434
0.0282874
0.0435026
0.106621
0.0771394
0.104915
0.162691
0.0473714
0.0860831
0.0330793
4.92406
0.292189
0.0649112
0.103279
0.0726189
0.0483728
0.230006
0.399998
0.0556094
0.0690438
0.256083
0.0641159
0.0445351
0.0573666
0.0140554
1.64347
0.223617
0.238855
0.687282
0.68156
0.436075
0.125617
0.118258
0.0482066
0.081426
0.101523
0.0705863
0.168262
1.50087
0.187804
0.271796
0.0907551
0.0454914
0.0916828
0.0499846
1.76808
0.165053
0.0568739
0.0208123
0.059158
0.0130732
0.0198682
0.0131638
0.136253
0.0349411
0.0441473
1.13179
0.439185
0.114376
0.0832577
0.52792
1.98227
0.124306
0.0746694
0.144846
3.6002
0.0552794
0.117153
0.13168
0.256426
0.0657332
0.07889
0.202122
0.127324
0.0163152
0.401368
0.022851
0.170262
0.0902469
0.0432285
0.0719854
2.36847
0.181834
0.154158
0.152944
0.0544864
0.0585134
0.157968
0
0.0481157
0.107432
0.204929
0.043316
1.13872
0.195757
0.316103
0.0789926
1.02382
0.104341
0.0184414
2.3791
0.0752686
0.134386
0.270431
0.119888
0.252883
0.0513038
0.595162
0.101644
0.048077
0.0655142
0.0948432
0.0201401
0.0854177
0.186396
0.235594
0.0600193
0.0949095
0.0575745
0.0143082
2.19849
1.30958
0.0291497
0.0670296
0.0317279
0.0786582
4.75375
0.775866
1.48605
0.114456
0.0498841
0.115768
2.07477
3.18072
0.0549707
0.0167573
0.125606
0.0763129
0.168498
0.423716
0.196353
0.161485
0.138343
0.11018
0.105752
0.0184246
0.0945195
0.0511769
0.0715732
0.0328337
0.0902152
0.223972
0.0340815
0.0600955
0.157474
0.103131
0.0480157
0.0800702
1.04292
0.0349126
0.418342
0.0384536
0.129335
4.43476
0.0499354
0.0882385
0.0710671
0.216804
1.08217
0.280136
1.80892
0.0374071
0.0632508
2.29553
0.0747146
0.0436419
0.152976
0.0946483
0.0375112
0.0650345
0.0487958
0.0607596
1.15987
0.028459
0.787843
0.0427433
0.0588339
0.0509367
0.0800056
0.370106
1.19471
0.0386657
0.870478
0.0430059
0.113438
0.0942979
2.85281
0.0673847
0.0436851
0.0485382
0.109579
0.102102
0.035902
0.131115
0.250899
0.0860862
0.0386362
0.0379273
0.264081
0.195344
0.146743
0.361924
0.0284953
1.13739
0.0837217
0.0434366
0.089107
1.9372
2.099
0.0794582
0.0581375
0.145024
0.0521389
0.0342627
0.125354
1.38575
0.0477112
0.0914589
0.103659
2.10235
0.221179
0.0590906
0.0539414
0.64119
0.0406211
0.376527
0.682908
0.0848304
0.111348
0.0502736
0.182381
0.161025
1.06061
0.274559
0.0282249
0.406991
1.72685
0.249018
0.123396
0.0863273
1.80264
0.0769351
0.175473
0.0794059
0.116229
0.0685981
0.0417858
0.0335097
1.48938
0.996347
0.127704
0.115827
0.127733
0.112199
0.0762521
0.451946
0.0409318
0.0796726
0.123186
0.0149794
0.629412
0.131044
0.212021
0.0774029
2.03386
0.0809437
0.228998
0.0534741
0.116773
0.0423212
0.667299
0.0389169
0.151991
0.177758
0.534239
0.034023
0.129482
0.0540454
0.0288756
0.288651
0.18282
0.346809
0.0522506
0.476549
0.113697
1.26054
0.0159542
0.0608391
0.128672
0.0457701
0.0193089
0.0152078
0.0598041
0.902604
0.226767
0.471386
0.157366
4.29488
0.0547344
0.047981
0.143843
0.0893308
0.0532027
0.045182
1.18358
1.36191
0.0425775
0.121485
0.00585017
0.117442
1.02341
2.5395
0.17214
0.140349
2.31864
0.598618
0.212092
0.0630945
0.0200865
0.0434856
0.0539702
0.0569124
1.29554
6.15467
0.0356726
0.36301
0.0826512
0.0679088
0.0465021
2.60488
0.0581708
0.0480039
0.0812822
0.112713
0.0461241
0.481868
0.254946
0.145651
0.47557
2.06642
0.0546218
nan
0.0441609
0.0271739
0.036989
0.142675
1.3728
0.137859
0.13337
1.16693
0.0131437
0.0762713
0.0719945
0.136705
0.0914497
1.28031
0.104565
0.168484
0.0894052
0.355656
0.0623799
0.0330527
0.0622369
0.0566534
0.176071
0.0365155
0.0666842
0.429659
0.0523044
3.94498
0.321369
0.10603
2.26097
0.226601
0.0718867
0.272969
0.490824
1.25186
0.759258
0.0794372
0.0505272
0.305198
0.0525443
0.0361437
0.0506781
0.252724
0.0799685
0.264333
0.268995
0.0664249
0.0624727
0.0914719
0.023292
0.083574
0.120738
0.033677
0.0846204
0.134093
0.174395
0.136688
0.202153
0.0696812
3.56153
0.0492984
0.254259
0.0504277
0.138108
0.0395795
0.0516604
0.231966
0.172254
0.048527
0.369378
0.105218
0.0313162
1.1296
0.251
0
0.0194926
0.0779794
0.111023
0.05006
0.0936962
1.17218
0.140972
0.131467
0.102192
0.0443853
0.0420065
0.0438587
0.0494951
0
0.132431
0.0893266
0.192566
0.0885238
0.0990113
0.0829006
0.0682408
0.124035
0.260643
0.0263353
0.0418506
0.182625
1.5273
1.39588
0.223437
0.10078
0.0405459
0.188012
0.218045
0.0432987
0.0291019
0.408538
1.02831
2.00715
0.090566
0.103505
0.227107
0.0421891
0.163234
0.0267923
2.93362
0.0499317
0.147513
0.116802
0.170393
0.204059
0.206443
0.040381
0.0484507
0.101821
0.134576
0.0650994
3.41991
0.358346
0.13125
0.0923741
0.151158
0.205268
2.54268
0.0424409
0.2596
0.0650321
0.111181
0.887919
0.0575639
0.121047
0.0244921
0.108362
0.028229
0.237227
0.0970652
0.0396151
0.0769479
2.35317
0.093804
0.0771322
0.215129
0.0854126
0.0929448
0.115101
0.0770446
0.23273
0.0904732
0.130568
0.0508228
0.0806883
0.0553326
0.392576
0.22494
0.170313
0.0413279
0.0626016
0.251269
0.170712
0.232959
0.3493
0.144132
0.181042
0.0218627
0.0898835
0.0811044
0.133985
0.116426
0.0640814
0.0892579
0.0539434
0.100445
0.0468682
0.220045
0.155326
0.073611
0.0312729
0.0598046
0.087412
0.0607115
2.10091
0.0588746
0.300013
0.0473476
2.51797
0.0520747
0.516293
1.11312
0.0442246
0.194499
0.584174
0.038671
0.0414094
nan
0.0897541
0.169505
0.0446486
0.0388408
0.0171898
0.142864
1.98519
0.221415
0.143067
0.209877
0.0190745
0.0882572
0.114152
0.203039
0.0345893
0.127283
0.0444708
0.018261
0.184331
0.447343
0.0654845
0.127912
0.167934
0.0298817
0.0617749
0.0737068
0.114939
0.420795
0.0889821
0.0361391
0.647542
2.84117
0.230681
0.443078
0.373544
0.122862
0.490206
0.0776941
0.287238
0.0803909
0.742283
0.145668
0.0522529
0.141525
0.153051
0.608531
0.0617018
0.248874
0.0527424
0.117226
0.92376
0.0874713
2.80658
0.0794128
0.0793434
0.119208
0.392209
0.263744
0.152945
0.139869
3.07131
0.112404
0.0838281
0.196459
0.221868
0.0310798
0.0955953
0.0565776
0.405305
0.0841819
0.0941898
0.0149747
0.0209702
0.0227178
0.0317043
0.0692271
0.0387537
0.239656
0.249855
0.259117
0.217013
0.0419153
0.078424
0.0887283
0.192408
0.246495
0.0320419
0.0421675
0.0527478
0.0456089
0.0626287
0.14444
2.24032
0.20564
0.127997
0.0405861
0.0475122
0.054174
0.476837
1.57999
0.0400468
0.11345
0.391079
0.396968
0.12048
0.0645763
0.101317
0.0341288
0.0616673
0.0692771
0.08295
0.187767
0.0478684
0.121659
0.148181
0.0324471
0.0222195
0.063351
0.143477
0.0530508
0.0481308
0.119499
0.0738933
3.13296
0.304548
0.0505771
0.100994
0.110239
0.0594394
0.061725
0.079369
0.355666
0.0596916
0.0668155
1.75604
0.0493278
0.0951314
0.483601
0.463328
0.0558236
0.110538
0.174066
0.0518266
0.03015
0.629
0.0440549
0.118353
0.235751
0.0139284
0.0499821
0.558942
0.0435651
0.180967
0.119323
0.0287188
0.0936589
0.0553921
0
0.0883216
0.0257374
0.0517683
0.134393
0.170638
0.0783205
0.070302
0.638509
0.11685
0.273799
0.158582
0.0446312
0.0899174
3.55427
0.137602
0.0520493
3.26519
0.093078
0.119224
0.150603
0.29908
0.060845
1.91887
0.0809789
0.38452
0.0968462
0.225692
0.122502
0.363536
0.672832
0.0681049
0.764923
0.188549
0.0356743
0.0645963
0.0485975
0.018961
0.0813349
0.0580264
0.0751093
0.226831
0.576981
0.106481
2.063
0.159985
0.139726
3.0184
0.150552
0.058171
0.0802786
0.0878909
0.0932375
0.120507
0.19765
1.30299
0.0135188
0.169831
0.0111033
0.125745
0.0388448
0.0589428
0.354508
0.0351175
3.54863
nan
1.70993
5.33414
0.0197027
0.291535
0.0439026
0.11269
0.070273
0.0449294
0.0271768
0.113307
0.0913762
0.0877495
0.363618
0.0794132
0.0537034
0.035933
0.107552
0.0580906
0.202661
5.14931
0.229287
0.0559503
0.218893
0.0679912
0.0670648
0.084658
0.0555527
1.00082
0.0142363
0.169395
0.242421
0.155007
0.407808
0.823151
0.0585387
0.147232
0.0584627
0.0600079
0.0453661
0.283142
0.0561729
0.086925
0.0468277
0.0643804
0.0928723
0.10143
0.0285538
0.0800144
0.1064
0.0544926
0.0217143
0.0778725
0.136148
0.122418
2.28088
0.384289
0.161019
0.217045
0.1432
0.0573788
0.105463
0.133676
0.0375152
0.422434
0.11193
0.0522992
0.104553
0.117171
0.208178
0.0487448
0.328211
3.5161
0.134468
0.0366865
0.93961
0.036125
0.0453489
0.312498
0.0804858
0.123078
0.503142
0.103296
0.125346
2.33328
0.0897811
0.0466196
0.142061
1.6698
0.247015
0.742026
0.0475233
0.0790333
0.138326
0.167139
0.123985
0.555583
0.0538618
0.825444
0.0291727
0.0295483
0.0570646
0.187949
0.0987232
1.18906
0.0530392
0.0543655
0.0419025
0.284837
0.0510655
0.0786193
0.038467
0.441345
0.0466887
nan
0.736177
0.0143253
0.0560063
0.211879
0.373719
0.0994132
0.129538
0.0771045
0.146114
0.11286
1.66027
0.0465813
0.238241
1.88529
0.0614878
0.0153823
0.0308432
0.174156
0.225667
0.0452185
0.115973
0.0783507
0.187771
0.240693
0.0686885
1.59543
0.144324
0.290481
0.838172
0.17004
0.01281
0.22473
3.8997
0.120683
0.105904
0.0700163
0.203628
1.36067
0.254502
0.16455
0.153993
0.0409325
0.0732442
0.186962
0.168293
0.0668402
0.0739053
1.6471
0.108427
2.62431
0.401332
0.513692
0.108535
0.257458
0.28916
0.271
0.125003
2.1118
0.0645109
0.318487
0.0684849
0.046104
0.0964303
0.557231
0.0454854
0.636168
0.0368224
0.0973508
0.532697
0.0429776
0.214468
0.0624428
0.0495271
0.0246365
1.16272
0.0169132
0.161331
0.127191
0.0979413
0.269422
0.0894717
0.0679911
0.179399
0.0554927
0.0511051
0.043221
3.34651
1.11079
0.129431
0.160247
2.33982
0.0431325
0.0378277
0.156968
4.52773
0.0590575
0.0558238
0.283685
0.325506
0.0215077
0.102351
0.140591
0.0759843
0.172447
2.48556
0.210888
0.0437742
0.0821845
0.418658
0.278143
0.118876
0.0608017
0.0741975
0.477022
0.161056
0.0464443
0.037964
0.0704356
0.416595
0.0571073
1.1851
0.17279
0.0504566
0.0908478
0.0125101
0.0758454
0.0452527
0.569736
0.116835
0.0497212
0.0612143
0.109809
0.0336073
0.0489676
4.94302
0.264783
0.130567
0.0428704
0.155066
0.146185
0.601409
0.108963
0.066017
1.02595
0.88883
nan
0.147733
0.0911742
0.0744278
0.0382833
0.366455
0.0604835
0.0291939
0.0590285
0.0504666
0.0842697
0.28808
0.0570545
0.192925
0.10281
0.295466
0.0607742
0.390823
0.0716458
1.03378
0.0891946
0.0407152
0.166753
0.0506571
0.0990643
0.0399419
0.037917
1.33658
0.050338
0.175021
0.0389008
0.0248451
0.131797
0.114265
0.0525427
0.646795
0.128069
0.119982
0.108438
0.230686
0.0604111
0.0255483
1.08649
3.02208
0.0392516
1.65355
0.0478522
0.426299
0.0668458
1.76349
0.0349032
0.111348
0.105463
0.174358
1.53498
0.0640044
0.164238
0.0567187
0.0763472
0.20765
0.0745798
0.23162
0.0366252
4.60219
0.203997
0.126633
0.0704248
0.187138
2.71619
0.0702822
0.121908
0.0681548
0.0455136
2.55427
0.0364157
0.19332
0.0663906
0
0.206247
2.51056
0.0436466
1.97489
0.174852
0.15002
1.38103
0.0510769
0.0507142
0.25497
0.0398164
0.0362523
0.729773
1.11234
0.0954693
0.0928559
0.325944
0.119407
0.0690513
0.0420086
1.6555
0.0877115
0.118876
0.34156
0.122255
0.267315
0.0926511
0.0583511
0.153755
3.87172
0.0269122
0.0568105
0.532115
0.170471
0.0311079
0.170666
0.196363
0.0705758
0.0413591
0.0641261
0.226833
0.141962
0.0903166
0.575052
0.0466409
0.043728
0.195581
0.0802514
5.35635
0.0190889
0.114954
0.105496
0.895669
0.0606753
0.195273
0.101697
0.0784741
0.316935
0.109153
0.253499
0.0643964
0.228204
0.0712451
0.0564705
0.178021
0.0689299
0.071869
0.0619246
0.410606
0.120447
0.0962449
0.519687
0.0903224
0.0551406
0.0314856
0.0203817
2.19755
0.0778294
0.128401
0.146486
0.100165
0.0368369
0.136122
0.128062
0.107059
0.0858179
0.125499
0.154764
0.0819289
0.0363506
2.02754
0.0702997
0.119053
0.0657994
0.0228923
0.0781697
0.0574592
0.185524
0.0998849
0.183794
0.0993188
2.40085
0.0401325
0.0797776
0.036038
0.0455761
0.0511438
0.0707769
0.0413275
0.0509243
0.140675
1.68103
0.0949568
1.81539
0.0750769
0.0277394
0.0494161
0.120241
0.116354
0.199823
2.38704
0.0807229
0.048585
0.0471986
0.0364828
0.290701
0.126093
0.0979073
0.0592083
0.0658684
1.88623
0.124721
0.174808
2.77628
0.241134
0.136086
0.0451413
0.0761616
0.0553537
0.109294
0.116755
0.436563
0.28584
0.495205
0.361423
3.80821
0.272969
0.071979
0.0352283
0.0455763
0.154149
0.0475302
1.67364
2.07238
0.223973
0.0290724
0.238842
0.0163913
0.109729
0.167537
0.0796373
0.0931334
0.0198513
0.0588891
0.102029
0.243116
0.156872
0.0276391
0.0276021
0.0678214
0.0327047
0.176201
4.37827
0.0982303
0.0413383
0.309155
0.0599991
2.04004
0.808381
0.0788018
0.067463
1.29459
1.59435
0.114843
0.0469031
0.032693
0.11512
0.119195
0.0466557
0.188086
0.0346536
0.0728812
0.141235
0.108539
0.0269307
0.0235482
0.0619291
0.109272
0.245953
0.235841
0.432008
0.0315668
3.26609
0.0172977
0.127487
2.41789
0.0383568
0.0378972
0.065318
0.139784
0.0509616
0.153688
0.350774
1.13327
0.0289045
67.4293
0.113114
0.0156331
0.0435743
0.0404491
0.0912341
0.218278
0.198299
0.265894
0.116763
0.29385
0.950245
0.0612399
0.104704
0.288618
0.49279
0.0317534
0.162992
1.94413
0.0495281
0.185072
0.0878919
0.697981
0.0427173
0.125984
0.046094
0.0318579
0.0698175
0.0590095
0.118208
0.100056
0.325549
0.462033
0.0498411
0.0488289
0.0412729
0.379271
0.0935706
1.03886
0.0546451
0.0598621
0.0134503
0.168131
1.93647
0.19466
0.1055
0.239214
0.0576688
0.520765
0.07385
0.391589
0.140842
0.0714194
0.229818
0.116684
0.0857785
0.268407
3.37558
0
0.709354
0.0518363
0.0496255
0.310961
1.36607
0.122297
0.0608921
0.891311
0.146374
0.0799721
0.508596
0.050414
0.129216
0.0986522
0.050347
0.386292
0.124744
0.0796567
0.0424359
0.0733316
1.37427
0.159296
0.0112809
0.153888
0.125596
0.063479
0.0996817
0
0.0615039
0.0542304
0.0426707
0.0426946
0.0518456
0.151393
0.0286881
0.140548
0.0705457
0.0151311
0.0626755
0.167165
0.0896052
0.143967
0.188407
0.265992
0.386163
0.293358
0.117265
0.262717
0.0735719
0.153931
0.0820438
0.0275857
0.0265264
0.30753
0.130735
0.0796733
0.0443423
0.147681
0.133112
1.07698
0.043745
0.0450964
0.521537
0.0464624
0.0570521
2.1185
0.0437311
0.0907946
0.0399038
0.0851485
0.0586548
0.105629
0.0755268
0.0389589
0.0560993
0.0806879
0.0730543
0.0226485
0.0795638
0.051069
1.32398
0.543924
3.1288
0.0677467
0.113663
1.43442
0.12941
nan
0.158038
0.102591
0.0743912
0.016702
0.258138
0.0207092
1.12966
0.0718902
0.0224212
0.125503
0.0915102
2.34618
0.0635202
0.0497719
0.400986
0.0419042
0.4757
0.264915
0.0379647
0.189511
0.0380552
0.102457
0.0933838
2.4447
0.161123
0.119364
0.0433674
0.0619532
0.103986
1.16537
0.905726
0.197812
0.0810025
0.0185537
0.220686
0.0973596
0.121623
0.108723
0.189272
0.114613
0.0205657
113.443
0.0656822
0.155175
1.59509
0.344904
0.0562022
0.0750455
0.0472783
0.100456
0.538652
0.130853
0.0894244
0.0396148
0.0160522
0.0608066
0.0118373
0.189627
0.0756944
0.284276
0.0808904
0.0154128
0.0623606
0.114781
nan
0.0827454
0.22955
0.0801106
0.0781034
0.286604
0.184825
0.0655505
0.129574
0.0465276
0.0866604
0.0930411
0.686927
0.267621
0.069764
0.0461525
0.021472
0.0495511
0.0795006
0.0905121
0.0915122
0.0465952
0.0979318
0.717595
0.0759488
0.0542014
4.21377
0.0871504
0.0230742
0.0619218
0.209361
0.0750282
0.741774
0.0847193
5.34057
1.36155
0.0804377
0.301339
0.0580371
0.080701
0.0234342
0.110366
0.113517
0.0611921
0.159872
0.0228946
0.108876
0.0289537
0.118853
0.047906
0.118968
0.0995717
0.0588842
0.137136
0.0372774
0.132422
0.0656127
0.0744983
1.12814
3.43052
0.171702
0.0162176
0.333345
0.103048
0.0141581
0.0455165
0.0983673
0.394192
0.122576
0.0532751
0.141438
0.0795658
3.60184
0.06755
3.57197
0.0780663
0.0866835
0.0430893
0.0861587
0.198382
0.161192
0.0401669
0.117913
0.104497
0.0375418
0.028082
0.0432887
0.111358
0.0541452
0.10708
0.94038
0.0820605
1.52377
0.0784501
0.245986
0.256031
0.0708347
0.164164
0.0406092
0.135465
0.080928
0.269138
0.076064
0.27496
0.0743912
0.127028
0.213635
0.0989169
0.0240531
0.0964797
0.208459
0.0517147
0.0154393
1.00678
0.0576676
1.25015
0.0342279
0.0714529
0.0720524
0.124555
0.167635
0.0146558
1.12292
0.412251
0.0297109
0.633688
0.0286627
0.0574921
0.0488263
0.0587074
0.142937
0.169257
1.777
0.080153
2.1121
0.307572
0.106855
0.160616
0.144457
0.11603
1.18713
1.97678
0.10464
0.0355986
0.0806644
0.0994986
0.157953
0.130814
0.618691
0.18795
0.100206
0.0576393
1.60044
0.0791285
0.427921
0.0849622
0.0427555
0.0509456
0.0399686
0.125668
0.0463361
1.33884
0.0208066
0.142982
0.0238308
0.0456151
0.0541184
0.0771364
0.0820512
0.353393
0.678637
0.0923273
0.189342
0.0570224
0.1272
0.11698
0.126325
0.151698
0.281824
0.0508063
0.569703
0.0448251
0.134445
0.146229
0.0757275
0.106598
0.0337676
1.45701
0.0470747
0.0570591
0.127527
0.0637947
1.16847
0.325551
0.09757
0.185669
0.217522
4.26892
1.2802
nan
0.036849
0.0242164
0.173437
0.0701869
0.947319
0.0342955
0.0528645
0.142508
0.213825
0.614964
0.174668
0.299193
0.0426422
0.131447
0.13334
0.231951
0.0845828
0.0812393
0.112047
0.0447079
0.0413536
0.106526
0.0335877
0.283792
0.0743387
0.200444
0.270013
0.937147
0.0921796
0.102439
0.205066
0.0557436
0.423643
0.0703422
0.120974
0.103618
5.15426
0.102343
0.0521068
0.0531121
0.0429791
0.246742
0.0500668
0.0575502
0.132223
0.0629914
2.0717
0.0487927
0.0512901
0.246197
0.0712147
0.645826
0.138715
0.0663298
0.15594
0.773567
0.498966
0.0185879
0.109494
0.0411908
0.458562
0.0172109
0.0381652
0.254528
0.034116
0.0747518
0.11183
0.151444
nan
0.0964692
0.139343
0.047235
0.0413386
0.512595
0.207594
0.0800943
0.0551696
0.042091
0.0596031
0.101407
0.256743
0.0370047
0.18671
0.0514489
0.0905953
1.28444
0.17109
0.0261684
0.117181
0.0596165
0.0328963
0.144671
0.0566146
0
1.28243
0.270063
0.20001
0.0343627
0.515367
0.140653
0.0698236
0.0480499
0.349781
0.53813
0.0601536
0.406917
0.102064
0.0698427
1.1241
0.126801
0.176326
0.283321
0.846038
0.137986
0.0729238
0.191192
0.0756444
0.0641175
0.0466223
0.33316
1.4219
5.82513
0.220779
0.098283
0.0860714
0.184674
0.0468927
0.0505526
0.050083
0.323142
0.15349
0.0658943
1.31029
1.03527
0.132661
0.0634611
0.0567577
1.19218
0.31971
0.0574402
0.143439
0.0832447
0.193962
2.77219
1.08768
0.106224
0.227355
3.03064
0.0404623
0.0237976
0.145838
0.0451092
0.0262601
0.0674338
0.0558662
0.17147
0.102896
0.224449
0.241901
0.115842
0.284166
0.0426259
0.99475
0.0370474
0.0433296
0.0523738
0.48628
0.0692091
0.154824
0.369989
0.0992436
0.0907073
0.0743561
0.0504476
0.0796077
0.074609
0.0428881
0.168494
0.679166
0.0355594
0.309084
0.876999
0.0234308
0.103391
2.13177
0.107239
0.0526772
0.032015
0.1187
2.23776
0.0910907
0.245507
0.0359389
0.059689
0.0323795
1.03346
0.193788
0.250413
1.04992
0.0223609
0.106865
0.0927843
0.29472
0.307074
0.0812267
0.183885
0.386141
0.0401985
0.0823755
2.13423
0.0556186
0.813279
0.0469467
0.0225817
0.0518237
0.961227
0.0524333
0.0726807
0.440508
0.0794218
0.0473895
2.49004
0.0640717
0.231343
0.0313094
0.295668
0.148265
0.0546708
0.0543472
0.0318315
0.0916253
0.0233196
0.0681491
0.762504
0.165407
0.0969435
0.0884004
0.113973
0.390903
1.53703
0.531449
0.151882
0.0948224
0.0802343
0.122141
0.223648
0.0469983
0.0634219
2.91927
0.0556348
0.233437
0.375175
0.552567
0.088103
0.0238229
0.0431283
0.627426
0.0922129
2.14768
0.811148
1.13105
0.755004
0.0675669
0.0466301
0.0273702
42.4842
0.0504222
0.248169
0.0693352
0.049283
0.0869107
0.150343
0.166175
0.247055
0.0869078
0.0749207
0.0438974
0.0730539
0.109963
0.0716678
0.236039
0.063917
0.345324
0.0600513
0.0185737
0.251922
0.281042
0.0805377
0.131737
0.0522416
0.0633704
0.366575
0.106632
0.0360472
0.121097
0.113377
0
0.0509544
0.144301
0.0758501
0.156426
0.0435619
0.26808
0.600611
0.339899
0.165339
0.170752
0.0827067
0.569755
0.057344
0.0532575
0.120351
0.0324953
0.0423182
0.227343
0.12926
0.106878
0.143394
0.0595534
0.145378
0.060394
0.0205641
0.0468733
nan
0.0468593
0.269917
0.0201315
0.126673
0.181954
0.435925
0.0271381
5.47467
2.06593
0.0314948
2.12913
0.117052
0.628803
0.147469
0.0304915
0.169412
0.0245157
0.12495
0.0946205
0.294564
0.0449621
0.137369
5.13864
0.174723
0.0900599
0.0443634
0.205538
0.146522
0.646509
0.0927369
0.204258
0.103027
0.0821165
0.475522
0.352794
3.73753
0.151731
0.148956
0.0237986
0.126015
0.0789397
0.0656375
0.328688
0.0468266
0.0591446
0.262112
0.370933
0.0283971
0.0279245
1.11751
0.0447299
0.487186
26.7553
0.0231971
0.192441
0.100207
0.146166
0.109844
0.0402889
0.0978933
0.183527
0.126522
1.49788
0.265793
0.331234
0.0435391
0.0504957
0.113189
0.176495
0.148827
0.119927
0.177259
0.104852
0.0249783
2.41241
0.0768541
0.848513
0.359829
0.170628
0.0907017
0.284051
0.0935225
0.340485
0.196107
0.0150222
0.263841
2.03474
0.0920746
0.626938
0.0596222
0.0382537
0.322307
0.165827
0.119932
0.0482761
0.0511944
0.0352966
0.0265195
0.0312733
0.0593858
0.167568
0.113545
0.0415217
0.0550302
0
0.142858
0.0346186
0.0370185
0.328074
0.0621834
0.148198
1.39638
0.280567
0.122591
0.049588
0.121794
0.0890998
0.168494
0.148883
0.0720019
0.179022
1.19049
1.74533
0.044761
0.149715
0.29988
0.222312
0.0213603
0.0299103
0.225432
0.0483417
0.124667
0.101652
0.0285532
0.0673713
0.148945
0.0263938
0.217913
0.0485835
0.116059
0.165763
0.0540172
0.015239
0.448737
0.208098
0.237086
0.0911035
0.0299991
0.205969
0.877542
0.189213
1.97816
0.0625553
0.118109
0.061711
0.100501
0.0916134
0.297893
0.0527986
0.0870905
0.0344696
1.29371
0.0247968
0.135451
0.0414509
0.0781916
0.312713
0.0483278
0.121899
0.147443
0.120657
0.274894
0.0809409
0.362932
0.201514
0.116085
0.216926
0.227878
0.0531529
0.0702913
0.270303
0.116915
0.0945351
0.0789575
0.0606258
0.0753112
0.0832604
0.0603302
0.112331
0.0366691
0.050784
0.0367817
0.07692
0.129582
0.0658558
0.989603
0.812352
0.0429455
0.0546221
0.0371348
0.0192274
0.0720317
0.0809151
0.0396806
0.0527522
0.104248
2.18639
0.0320006
0.165872
0.0821396
0.0444944
1.45528
1.30798
0.0151449
0.0631426
0.0746773
0.0888549
0.0702714
0.0470338
0.0712798
0.0534149
0.214705
0.0532427
0.0801996
0.811776
0.0271923
0.00914662
0.0920376
0.0643363
0.0280884
0.0769686
0.0946763
0.0687315
0.724323
0.25806
2.72021
0.259379
0.162542
0.0855774
0.487197
0.207581
0.353488
0.162163
0.0607809
0.381801
0.116158
2.00121
3.42452
1.09038
0.098218
0.03616
0.0566417
0.0976622
0.594654
0.253589
0.0353774
0.0496334
0.282775
0.0509676
0.275493
nan
0.0122438
0.115423
0.0566234
0.258472
0.136873
0.0497734
1.10806
0.106453
0.186659
0.044079
0.0925387
0.100833
0.0506416
0.0720527
2.02175
0.0318646
0.154009
0.0812396
0.0768547
0.152252
0.0304899
0.569779
0.0422983
0.149206
0.0906432
0.0194186
0.0448876
0.0334052
0.0295963
0.830445
0.12769
0.0629312
0.0225329
0.0281967
2.23538
0.0373252
0.0469104
2.54171
1.4118
2.60478
0.105697
0.137663
0.139463
2.30386
0.0483406
0.723521
0.182449
1.84741
0.237305
0.130519
0.170669
1.87545
0.318069
0.0485119
0.0450089
0.0284473
0.0479468
0.688457
0.0928099
0.0361317
0.433249
0.0587592
0.0718296
0.0801169
0.315387
0.117713
0.104337
0.122117
0.110556
0.494507
0.07255
0.0636703
0.0541085
0.347807
0.115577
0.0744222
0.112305
0.474527
0.0716875
0.026927
0.119635
0.060873
0.180985
2.72349
0.0230406
1.17816
0.041677
0.148109
0.199129
1.27266
0.0427479
0.0392074
0.0493183
0.11898
0.0307775
0.0949212
0.678014
0.0449161
0.0932453
0.0639541
0.0648349
0.0183692
0.0233115
0.0524304
3.57648
0.0607231
0.0243585
0.0885967
0.123783
0.260742
0.165833
0.0994127
1.42271
0.294279
0.131197
0.124722
0.261363
0.382908
0.557119
0.0334746
0.0747634
0.440295
0.0718111
0.100488
0.23121
0.110433
0.266647
0.131614
0.0502867
0.381935
3.14259
0.499878
0.0381546
0.0807413
0.0539767
0.0293274
0.463098
0.0723886
0.0315297
0.0444161
0.183622
0.135435
0.126914
0.0571382
0.894939
0.078449
0.032467
0.189725
0.101967
0.0611582
0.387942
0.0844802
0.0797661
0.0617874
0.455837
1.29111
0.126784
0.0303322
0.103167
0.0260305
0.090395
8.75626
0.013815
0.125725
0.134547
1.03037
0.0715337
1.19018
0.0696866
0.049881
0.0479144
0.0449613
0.0159282
0.977788
0.0499436
0.0464979
0.128581
0.572614
0.65375
0.022904
0.05524
0.034488
0.128317
0.533637
0.0511881
0.0390315
0.0705628
0.0512842
1.9793
0.0536941
0.465624
0.0270005
0.0991034
0.0221208
0.0378236
3.52689
0.114217
0.185532
0.0658388
0.0462418
14.5253
0.757141
0.079115
nan
0.0505253
1.58126
0.0439208
0.0181392
1.22755
0.117439
0.112418
nan
0.0161473
0.545404
0.373844
1.31659
0.056145
0.0752115
0.326561
0.610956
0.0362414
0.398184
0.103068
0.139053
0.0422619
0.117702
0.169908
0.0412688
0.0923527
0.0736811
0.0633825
0.0486188
0.03114
0.113375
0.0326929
0.115746
0.03437
0.161835
0.0624544
0.0462676
0.0901485
0.10246
1.34724
0.918027
0.0525035
0.0372128
0.0674219
0.0645018
0.164368
0.0609548
3.81754
0.0336339
0.122745
0.100137
0.0554099
0.068804
0.272889
0.112106
0.053514
1.49006
0.0543959
0.120607
0.0437251
0.177529
0.167447
0.0676835
0.0749015
0.037022
0.1083
1.17872
0.450064
0.627489
0.0420644
0.328137
0.0540966
0.13095
0.0577982
1.68144
0.0758257
0.826048
0.124621
0.12007
0.0433594
0.0557932
0.0303507
1.75739
0.0820733
0.166307
0.0373628
0.0565986
0.0648523
0.587421
0.0513318
0.0271336
0.0839169
0.0889716
0.0356868
0.168189
0.12255
0.0851117
0.078486
0.0415895
2.10149
1.33364
0.220101
0.0890131
0.239949
0.0433417
0.576836
0.84075
0.0450195
0.0570893
0.0629198
0.224301
0.018714
0.897549
0.0332158
0.0280141
0.0821049
0.0365246
0.191967
0.0563265
0.0294714
0.443519
0.774655
0.0136874
0.0126273
0.119784
0.111331
0
0.0527894
0.804743
0.0932443
0.67057
0.0724716
0.0356868
0.0159157
0.205786
0.0356088
0.00867627
0.0518657
0.0976404
0.216407
0.0868408
0.167766
0.447475
0.143703
0.0783802
0.0826682
0.0776648
1.91985
0.0689878
0.0883024
1.42112
0.0742116
0.163197
0.523825
0.138056
0.0918185
0.108599
0.185991
0.138351
0.0190938
0.185365
0.0507459
0.110364
1.08727
2.34083
0.163783
0.124244
0.1969
0.0544938
0.0657805
0.0457351
0.122792
0.178579
1.23696
3.94973
0.22049
0.0355765
0.144489
0.111718
0.107866
0.254302
0.502439
0.378116
0.0752791
1.08513
0.0479747
0.0165366
0.301404
0.0783093
0.987284
0.271972
0.0492454
0.047858
0.103323
0.0790483
0.119895
0.0765701
0.0604573
0.0402101
0.0437823
3.97285
1.22574
0.0596111
0.0304113
0.0642857
0.0699509
0.953099
0.0635655
0.363183
0.283337
0.0347371
0.351296
0.123667
0.0448402
0.299693
0.48095
0.0417873
0.0401409
0.0253191
0.0522124
0.185207
0.0552213
0.0438489
0.182918
0.12272
0.0406125
6.45931
0.0992806
0.0514597
0.152077
0.0247723
0.0603792
0.113504
0.0633282
0.043027
0.0309953
1.45325
0.133586
0.0714831
2.33538
0.101608
0.0659546
0.243919
0.0289196
0.0625366
0.537936
0.160305
0.235528
0.0339456
1.27206
2.93163
0.363982
0.0396104
0.0914787
0.0938169
0.137805
0.0674482
0.12557
0.036575
0.15495
0.192248
1.16471
0.0854327
0.0646392
0.807929
0.568939
0.185574
0.0124913
0.491526
0.0610151
4.83146
0.302019
0.280101
0.0398578
0.081813
0.771174
0.135013
0.054326
3.17098
0.163506
0.165144
0.0266925
0.0598092
0.0551807
0.24258
0.126015
0.0517914
1.92274
0.0338227
0.0835695
0.0777748
0.173489
0.243384
0.0520435
0.238093
0.951142
0.125924
0.0665428
0.052477
0.0383737
0.146843
0.0177185
0.498476
0.0349155
0.146844
5.3109
0.385778
1.2912
0.243344
0.0969854
0.0848919
0.0625614
0.140655
0.224576
0.05062
0.206202
0.131719
0.113014
0.0564501
0.18441
0.359201
0.0423228
0.263981
0.0229834
1.30567
0.062026
0.0456587
0.0513517
0.0807438
0.0726835
0.260405
2.61147
0.180811
0.118345
0.139845
0.0783155
0.0369521
2.58655
0.0461345
0.0822829
0.0677431
0.0940811
0.0744302
0.0466872
0.0542683
0.86856
0.0199578
0.736945
0.107672
0.0813861
1.31895
0.0313231
0.0385203
0.0508651
0.0388252
0.213368
0.0765054
0.0578859
0.0959074
0.0333991
0.0436956
0.420626
0.0849527
0.0860552
0.129058
0.0557286
0.0142447
2.52452
0.0363405
0.0551367

